25.68 3.220
22.43 24.67
12.13 31.26
29.64 17.11
41.93 20.72
29.27 39.87
11.27 27.83
46.79 24.23
16.01 48.38
2.743 47.74
1.835 45.76
35.22 7.461
34.36 46.42
49.20 50.23
4.591 22.22
16.06 34.38
30.58 11.75
35.32 49.99
31.74 13.25
28.87 35.64
19.18 40.05
24.11 25.37
19.47 30.02
6.080 40.42
12.48 14.40
32.01 6.845
48.25 33.81
13.44 44.25
18.61 43.50
32.32 24.23
18.63 15.06
38.33 9.811
11.63 34.08
32.60 29.90
19.52 40.68
51.67 45.47
13.83 23.25
29.81 31.10
43.07 33.20
3.604 7.270
32.48 30.77
26.74 11.57
29.35 24.26
40.64 41.09
33.48 32.87
45.50 34.82
47.66 16.03
44.20 15.64
49.75 40.47
15.28 37.05
14.67 21.96
38.48 38.56
15.34 25.64
38.33 39.08
45.00 51.11
52.89 5.887
42.42 23.70
38.92 38.66
21.26 53.95
12.46 51.75
32.01 30.26
23.72 52.74
33.09 43.38
49.71 10.16
28.63 10.87
52.91 38.03
28.11 18.47
30.06 37.31
26.03 26.71
41.37 34.22
22.30 52.95
7.538 32.38
47.22 21.66
44.76 43.81
8.429 33.41
37.70 19.10
24.85 14.16
18.50 56.21
28.65 31.22
7.777 37.20
56.13 35.84
27.83 43.57
13.45 8.109
55.77 14.94
46.33 47.62
9.530 16.38
21.65 11.66
22.26 33.55
50.56 24.94
30.83 23.79
32.85 39.41
47.50 24.72
45.72 17.02
22.55 21.34
31.45 14.29
10.25 12.20
28.83 33.94
30.89 27.58
46.00 40.40
19.14 42.84
15.56 11.35
18.70 10.95
13.67 22.47
55.70 11.56
57.12 16.89
38.22 10.14
37.78 57.23
55.77 35.93
26.94 42.57
49.15 10.62
23.00 49.46
12.73 39.92
18.72 60.33
42.01 57.01
17.70 22.97
52.52 48.91
15.05 14.82
40.07 41.53
23.18 22.77
24.84 37.39
12.62 47.05
57.21 56.69
47.77 22.54
42.95 21.18
35.76 52.08
25.19 44.49
53.15 57.87
42.04 27.17
51.08 49.82
14.09 21.32
54.98 31.33
58.69 51.62
31.63 29.18
51.39 45.91
47.89 25.62
45.53 34.39
33.22 14.09
41.53 15.09
62.14 38.87
54.31 46.32
26.61 26.61
37.44 45.83
40.98 44.47
21.25 33.36
33.47 55.57
35.14 20.25
19.63 62.94
32.97 21.97
55.87 34.89
14.25 30.92
44.88 41.71
64.34 30.94
48.71 22.15
53.23 42.71
19.59 28.90
19.89 18.79
25.39 19.84
63.84 55.36
27.75 44.16
30.76 52.45
54.48 59.26
42.03 26.75
16.85 63.10
49.13 21.88
65.98 65.96
55.66 55.63
16.40 20.78
52.41 61.11
42.52 57.05
59.30 33.40
35.90 19.67
32.95 58.08
51.24 58.73
55.69 48.07
49.15 53.91
37.84 19.43
52.19 60.82
46.68 35.40
22.45 59.07
61.33 52.84
20.08 34.07
52.40 59.63
55.63 60.80
30.38 66.29
55.19 51.20
48.33 56.82
21.15 51.73
32.73 49.99
49.83 60.69
28.35 34.13
59.52 31.48
43.17 44.69
39.53 57.93
19.62 57.41
34.59 43.49
49.17 53.52
62.14 36.02
20.90 42.08
68.09 19.59
40.81 67.13
48.90 41.99
30.14 33.56
22.37 48.33
48.75 67.64
55.70 29.47
33.11 39.90
45.21 63.88
47.31 25.02
29.84 59.73
28.52 47.83
60.66 44.55
35.48 70.73
28.59 55.25
27.32 45.60
68.55 68.01
54.77 43.34
29.91 52.34
62.25 28.57
34.77 30.45
57.09 53.37
36.25 63.62
24.02 69.34
32.07 40.36
66.70 71.12
39.14 31.21
52.04 23.30
63.03 59.68
41.29 52.06
46.32 29.78
67.23 69.45
34.55 23.84
34.28 41.93
39.95 39.67
59.70 64.25
48.62 23.06
55.24 28.12
50.19 70.63
51.91 71.85
25.01 54.43
62.11 41.75
38.68 58.03
32.31 27.53
45.08 63.54
44.36 59.23
42.43 52.60
46.39 64.08
42.29 45.78
69.65 62.08
59.03 45.29
56.60 68.66
61.37 35.04
56.19 25.48
74.35 73.84
70.38 66.09
72.39 25.80
69.76 35.78
32.62 69.41
25.81 63.94
53.33 69.63
51.99 68.12
63.70 62.35
59.37 60.83
56.15 68.75
52.84 69.15
27.65 28.39
57.05 38.07
70.44 66.03
26.12 37.42
51.87 30.60
64.30 28.37
28.97 49.21
40.28 31.09
65.67 70.95
48.31 54.02
46.28 57.28
34.78 49.27
65.67 53.19
54.84 57.23
28.83 67.52
51.47 71.62
63.55 54.81
42.27 28.08
61.98 75.83
47.82 53.40
54.96 70.85
77.71 71.90
36.06 76.41
60.58 73.72
70.35 47.51
51.84 62.96
59.03 73.67
62.11 57.26
73.20 74.46
75.20 38.77
50.53 48.57
30.80 67.89
71.69 33.40
63.87 60.89
41.46 65.70
61.69 64.93
76.16 78.88
41.25 69.15
73.36 41.85
71.18 58.55
37.41 47.68
64.90 34.32
62.19 65.48
64.41 40.47
63.00 59.64
48.13 59.19
49.56 78.21
40.72 74.11
32.30 67.01
62.88 37.30
77.86 76.10
33.20 45.77
62.94 32.68
69.45 33.93
77.55 65.55
67.07 70.90
32.56 62.43
61.17 34.48
55.33 38.79
41.84 62.96
36.11 50.72
56.65 67.20
40.83 77.27
55.78 43.33
54.10 59.73
45.56 66.33
70.27 58.79
46.64 41.90
44.76 81.54
57.93 62.76
81.68 34.33
82.69 40.80
62.03 36.02
43.23 40.22
65.50 69.74
52.69 49.86
37.69 70.44
34.84 72.63
62.19 44.47
39.62 80.47
78.25 48.34
48.74 59.22
40.57 42.56
67.18 67.04
66.25 41.70
40.38 73.10
37.90 65.11
53.29 38.74
43.59 41.52
72.63 83.59
80.23 40.40
78.88 68.46
55.49 53.79
44.15 61.83
84.56 78.32
83.87 83.03
60.17 85.91
78.18 66.16
65.74 78.73
80.03 53.36
60.69 80.15
46.74 77.72
62.66 45.94
41.10 62.71
50.98 72.26
50.08 65.52
69.02 45.86
71.10 76.21
38.67 80.01
39.53 58.38
40.32 42.04
62.26 63.60
44.41 61.91
69.08 61.36
56.84 67.18
73.79 50.28
71.11 81.48
85.24 62.64
84.20 63.23
87.84 42.34
70.80 74.93
87.28 68.51
65.62 86.05
84.60 66.45
85.31 73.79
68.17 81.84
52.37 62.23
42.15 47.24
88.62 53.25
85.88 71.22
74.73 80.69
57.44 62.81
88.01 77.69
85.06 88.43
74.00 62.61
70.19 82.24
62.87 64.35
44.99 64.15
65.79 40.10
67.23 79.78
53.11 83.79
51.74 82.89
69.12 53.99
89.85 54.56
83.90 88.68
52.58 63.44
77.23 61.48
58.74 71.51
63.04 51.22
57.38 70.59
70.87 79.33
60.85 86.62
68.94 70.42
50.30 68.59
57.04 54.68
49.12 47.06
90.43 60.21
66.19 50.25
58.85 74.16
55.75 44.85
63.83 44.70
78.99 84.05
84.35 82.28
64.07 90.08
89.99 75.31
54.16 49.19
72.03 61.68
92.95 77.45
76.92 65.66
71.44 73.71
58.40 72.46
68.06 47.82
69.39 80.46
67.30 63.80
80.41 89.98
90.41 92.39
53.47 74.89
90.77 53.36
62.13 73.95
80.14 70.99
74.95 79.91
89.08 81.03
84.44 50.54
60.78 47.71
89.90 57.55
55.56 79.88
67.25 71.49
60.44 54.35
80.80 53.70
90.29 74.88
61.99 67.50
66.58 82.67
59.71 46.64
78.88 92.55
47.06 81.54
64.28 92.91
94.31 80.93
61.41 85.76
49.26 89.48
53.42 52.49
58.24 70.01
91.57 82.10
92.57 83.04
95.83 63.69
66.23 77.92
92.81 75.97
47.97 53.61
48.05 47.91
61.40 51.84
77.95 86.20
47.16 78.66
96.70 88.18
80.41 65.41
56.09 88.65
83.96 48.71
54.63 60.51
64.33 65.59
79.43 55.97
69.31 80.67
82.53 49.39
84.65 58.76
56.15 71.79
72.10 56.25
89.04 91.70
49.67 82.58
92.68 73.47
87.79 63.05
83.79 68.96
65.21 57.26
85.86 54.98
88.28 52.33
62.59 53.33
60.53 54.37
92.80 71.18
77.92 86.27
81.66 81.65
91.07 71.55
52.01 86.42
51.11 99.96
84.00 87.96
62.83 53.62
65.20 59.42
73.21 62.77
85.79 85.12
98.47 70.32
93.89 65.52
99.48 95.50
66.07 68.92
89.04 57.55
63.37 85.84
96.96 83.35
53.91 83.53
83.73 96.66
66.16 87.49
89.90 51.56
89.97 61.79
52.32 89.01
86.48 94.86
77.83 84.23
52.56 78.75
85.46 75.00
60.08 70.75
97.45 91.81
63.35 92.21
64.16 97.57
71.40 73.50
61.10 97.73
58.94 85.87
68.80 87.55
65.53 89.46
60.97 102.4
58.98 68.39
77.56 100.2
62.32 71.09
70.76 80.31
58.40 61.77
93.57 92.86
97.76 63.73
88.23 90.66
56.48 55.68
98.88 79.35
71.94 59.11
77.27 67.44
67.49 68.43
64.38 64.02
73.45 84.38
64.08 96.28
59.54 98.24
97.18 87.25
75.92 91.46
103.4 78.77
95.84 88.39
72.20 64.87
59.62 103.0
100.1 85.16
102.0 83.47
75.57 56.94
60.21 99.21
100.6 84.28
74.09 102.4
63.80 104.0
63.78 58.25
102.6 64.21
80.04 76.38
82.77 102.8
63.44 102.0
60.28 85.63
81.68 87.26
59.39 94.75
77.36 92.71
78.88 95.70
59.99 77.01
88.34 99.47
75.35 65.79
65.17 87.73
69.69 94.87
98.16 96.54
76.56 59.12
88.93 58.93
83.83 101.1
89.03 80.94
67.41 64.29
91.87 73.28
65.55 58.67
104.4 85.34
83.22 88.33
90.43 60.89
94.76 62.09
97.64 108.7
71.98 82.52
73.82 108.6
72.07 71.06
79.44 87.28
66.91 75.07
107.0 96.48
106.9 102.6
72.22 89.57
108.0 64.74
107.1 98.46
70.80 85.58
82.29 75.24
74.04 76.59
93.43 97.41
82.94 76.32
67.81 72.37
83.04 100.1
107.4 64.63
110.6 88.65
66.72 91.38
75.19 107.5
77.62 106.6
67.86 65.37
90.62 74.84
95.43 108.2
104.5 97.06
75.48 73.92
87.90 101.4
70.64 99.18
62.09 69.61
85.73 73.77
109.1 100.8
71.12 106.7
74.69 80.48
90.64 108.3
63.58 94.16
90.99 105.0
76.60 87.74
104.8 97.06
91.42 94.79
91.06 87.59
91.15 63.98
103.7 72.77
105.1 81.81
76.76 110.1
100.8 71.27
66.61 65.63
107.7 76.78
110.9 93.16
80.28 68.88
112.8 103.2
74.93 69.37
64.39 109.0
104.1 65.97
99.61 100.6
80.15 82.22
97.01 113.6
91.72 95.88
103.0 108.0
69.05 112.5
73.59 105.9
103.4 87.28
97.64 77.12
104.0 95.48
94.39 70.05
111.3 98.39
112.2 76.04
105.4 88.25
91.38 69.20
92.58 102.9
97.06 115.8
75.51 76.50
69.69 94.45
85.55 101.0
102.0 86.35
80.98 101.6
111.5 87.98
88.16 96.51
74.45 73.22
73.49 73.03
87.12 68.88
107.4 80.70
83.19 95.22
71.24 71.95
84.39 84.34
91.98 116.8
102.7 97.48
87.48 112.4
107.1 115.6
81.32 78.24
75.94 104.9
76.79 80.68
80.18 114.4
82.54 77.03
112.1 69.82
88.39 97.21
68.64 95.01
78.91 99.52
117.9 87.75
72.37 80.98
116.6 111.2
114.6 86.48
107.8 76.33
104.8 116.8
72.36 74.84
107.6 74.07
101.4 103.6
112.9 74.57
77.35 89.24
114.3 107.5
92.08 70.05
106.0 96.60
109.2 89.85
91.34 89.79
92.44 84.96
110.6 112.9
73.86 104.7
73.52 93.26
118.5 118.1
78.11 112.5
110.1 99.66
98.96 103.9
84.10 85.78
75.82 108.4
79.87 93.80
109.1 95.17
104.0 80.97
93.37 111.0
105.9 99.48
120.4 77.36
92.16 83.65
100.4 90.62
79.69 98.79
104.9 99.41
116.1 80.06
86.38 79.73
101.0 85.34
115.4 91.88
95.83 92.00
77.30 91.32
110.0 116.9
122.9 73.94
100.4 84.07
110.4 82.55
90.38 119.7
93.81 97.27
101.5 94.20
109.8 106.9
87.80 117.3
81.95 106.9
107.3 113.1
114.1 117.6
84.75 82.49
120.4 82.58
96.40 119.5
108.3 100.6
96.57 103.7
100.1 102.9
75.52 82.25
97.53 107.7
86.14 114.2
119.4 77.37
99.65 91.33
117.4 84.94
111.7 114.8
100.0 108.4
76.31 115.8
86.81 114.8
83.19 78.06
122.7 118.1
100.4 95.93
108.5 104.9
91.61 100.3
108.2 101.1
86.02 105.0
118.5 125.1
89.26 115.7
110.3 81.65
88.60 111.8
109.0 109.7
95.07 110.4
107.9 126.1
83.39 121.1
110.7 123.6
118.1 119.6
115.6 79.76
94.52 83.98
97.93 102.8
127.2 110.4
78.28 127.4
118.0 98.96
113.9 114.5
107.8 108.4
114.7 99.21
92.21 114.2
79.42 97.13
120.2 119.8
97.87 99.07
90.84 106.0
84.55 106.5
99.59 91.93
110.9 100.3
126.6 117.8
107.5 102.6
100.3 88.37
96.04 121.9
99.10 92.23
87.30 126.5
100.3 104.1
99.08 107.8
108.0 115.0
95.30 107.5
90.08 100.7
84.32 87.07
84.08 92.77
107.7 128.7
85.43 113.7
111.4 82.27
127.3 89.48
125.9 126.8
94.95 107.6
90.30 105.3
116.9 96.69
109.5 110.0
106.8 82.68
122.1 110.4
109.8 107.6
85.49 102.1
127.1 111.2
92.07 105.0
83.04 122.5
100.4 114.9
92.30 83.15
107.5 92.16
118.6 108.5
103.6 97.55
128.7 105.7
97.25 116.4
126.3 122.3
117.3 121.4
93.77 116.8
127.9 106.5
128.0 114.1
93.71 127.2
120.0 96.93
117.4 117.2
112.0 96.25
107.6 107.3
122.0 95.63
95.19 102.3
115.8 121.0
118.5 110.3
127.8 98.45
109.3 107.0
109.2 127.0
98.42 84.51
97.28 114.6
131.4 116.4
134.1 131.5
91.58 111.7
92.18 115.6
127.8 108.6
109.2 128.8
121.9 108.1
108.4 125.7
129.0 118.8
98.48 105.2
110.3 124.2
130.9 88.24
120.9 99.27
100.7 118.0
135.4 94.40
131.9 90.43
122.5 94.04
111.7 119.9
95.07 119.4
128.2 98.83
127.6 89.99
95.08 110.0
127.0 126.2
111.8 115.3
107.7 94.94
135.8 101.2
135.9 108.5
92.03 88.66
99.91 107.7
107.5 102.0
88.77 105.1
118.8 116.4
136.1 99.36
97.12 99.59
122.8 126.0
101.7 88.01
89.86 111.5
90.54 119.0
137.4 117.5
88.62 96.40
132.0 132.6
112.0 97.59
126.0 101.4
120.5 117.1
122.0 128.2
103.7 137.7
114.7 112.6
120.4 113.6
109.7 137.1
127.0 109.7
130.8 102.2
91.94 99.74
111.7 94.02
135.4 125.6
117.2 114.3
113.1 94.41
96.24 120.5
126.6 103.0
124.8 134.9
122.7 138.4
131.9 131.3
100.6 118.8
137.9 116.7
140.5 99.55
108.0 124.5
111.5 102.5
93.74 135.8
125.8 97.50
106.9 95.84
99.53 139.4
117.9 107.0
94.68 94.43
125.7 114.8
136.3 105.6
123.7 99.13
132.0 115.1
101.6 139.2
135.8 125.3
121.2 104.0
137.0 112.2
142.1 126.7
135.0 141.7
120.7 108.5
93.40 113.6
99.74 115.4
110.2 114.0
95.60 105.2
95.39 113.5
137.0 131.0
112.7 109.0
99.49 100.8
101.9 131.6
127.8 122.7
121.7 107.1
133.9 113.2
107.1 103.6
105.8 112.4
112.7 130.0
122.5 126.7
123.7 104.7
125.3 134.7
140.7 143.8
95.79 99.01
126.7 105.6
102.5 103.8
122.4 117.1
137.6 104.3
115.5 105.7
127.6 108.9
97.39 117.3
139.0 116.7
99.29 101.8
109.2 125.1
116.3 127.8
136.1 110.3
97.22 134.5
98.06 125.3
137.6 136.0
126.1 99.88
129.1 111.0
124.0 127.8
127.8 97.56
144.5 137.3
113.9 129.9
123.2 143.3
102.9 134.0
122.2 119.5
118.6 113.2
121.6 139.7
139.5 125.1
138.8 136.0
108.8 104.3
137.9 118.5
126.0 102.7
109.4 110.9
122.3 139.1
138.2 121.8
142.8 125.5
104.3 131.0
128.9 112.0
103.2 134.2
124.3 144.4
128.0 136.1
110.3 106.5
148.8 141.7
115.8 147.4
147.5 133.2
104.0 113.0
140.6 132.6
120.9 126.0
