0.500 122.1
-0.38 97.71
0.020 120.6
1.201 104.7
0.678 103.1
0.641 97.11
1.736 109.0
2.758 116.1
1.173 122.1
3.681 106.4
2.154 101.1
3.292 93.56
3.757 100.5
4.780 108.9
3.755 110.6
4.978 101.1
5.583 115.4
4.414 103.2
5.886 97.92
5.350 107.3
6.161 107.2
7.412 108.0
6.777 117.1
7.732 97.24
8.457 103.1
8.437 114.6
8.834 106.4
9.781 99.13
8.697 98.93
9.475 117.4
9.528 92.18
10.20 104.7
10.40 96.27
11.63 105.4
11.91 114.5
10.33 119.0
11.22 103.8
12.86 104.4
11.51 108.9
13.31 102.8
12.93 93.23
12.09 103.9
13.06 99.27
13.32 117.0
13.32 106.5
15.77 102.4
15.37 114.7
14.99 106.2
16.80 97.92
16.10 107.8
16.64 102.8
16.06 113.0
16.18 104.4
17.83 100.7
18.68 107.8
17.73 111.0
18.10 110.7
19.31 114.0
19.11 91.13
18.97 90.82
19.30 102.7
20.02 101.0
19.76 108.4
20.33 101.1
20.87 104.6
20.28 112.0
21.05 94.86
22.17 94.23
21.03 105.9
23.71 97.32
23.58 90.90
23.38 88.35
23.88 100.9
24.58 95.28
23.40 111.7
25.73 106.5
24.06 112.7
24.01 110.5
25.62 98.58
25.77 108.9
25.01 104.4
26.32 97.41
27.25 108.3
27.08 91.21
27.09 87.83
27.77 83.82
27.50 94.40
28.37 102.4
28.13 104.9
28.47 97.52
29.34 97.65
29.83 87.91
29.32 98.14
30.02 90.51
31.34 101.0
31.67 99.50
32.64 82.65
31.27 97.33
32.22 105.2
32.93 95.41
33.43 98.62
33.10 88.74
33.68 83.99
34.23 98.18
34.63 90.83
34.83 104.2
35.21 81.42
34.57 86.56
35.23 96.33
36.07 102.3
35.39 80.84
36.31 93.29
37.83 100.5
36.74 81.46
37.21 84.66
37.84 91.31
37.74 84.32
39.21 84.98
38.12 97.91
39.08 78.43
40.54 89.76
40.34 102.8
39.05 82.05
40.46 92.10
41.51 91.26
41.97 93.23
42.58 74.34
42.78 77.53
41.63 78.01
42.94 84.01
43.05 93.50
43.31 88.20
44.11 82.50
43.31 83.49
43.45 88.17
44.68 75.66
45.91 87.66
44.15 94.97
46.25 80.31
46.85 93.43
45.42 89.21
46.77 85.19
47.11 92.11
47.74 78.85
48.38 95.72
47.02 78.07
47.18 80.08
48.54 92.25
48.68 76.84
49.79 97.36
50.80 97.50
49.20 83.88
50.44 88.57
50.96 75.60
51.19 75.40
51.16 79.57
51.07 87.11
52.34 74.58
52.45 95.09
53.92 83.71
52.67 89.37
53.76 80.22
53.83 93.70
54.69 86.97
53.58 81.92
54.86 71.41
55.04 87.30
54.86 78.18
56.87 77.93
56.45 75.14
56.44 75.42
56.92 91.84
57.38 87.00
57.12 71.54
57.20 93.86
57.44 67.59
57.00 83.34
59.81 85.64
58.75 79.09
59.81 67.12
59.25 93.01
59.45 67.54
60.53 74.07
60.74 69.36
60.53 92.33
60.16 88.04
61.26 73.68
62.20 93.81
61.63 67.94
62.49 79.03
62.01 76.29
62.59 63.72
63.62 87.00
64.26 66.05
63.11 64.25
65.36 73.80
65.73 71.45
64.98 85.62
65.15 62.80
65.02 76.42
65.77 91.74
67.19 89.98
67.45 85.92
66.89 81.66
68.23 85.41
67.60 75.27
67.67 61.80
69.53 69.30
68.91 71.45
69.91 88.38
70.18 89.84
69.13 65.01
70.53 69.88
71.97 72.72
70.36 86.50
70.38 69.55
71.04 64.82
71.61 72.65
71.77 76.43
73.65 86.68
72.16 74.73
73.63 70.13
73.16 81.87
73.93 75.61
74.16 61.40
75.19 65.89
75.39 62.60
74.10 58.40
76.25 64.27
75.70 76.97
76.96 71.07
77.54 69.73
77.97 72.23
76.84 70.74
78.98 70.70
77.60 82.77
78.76 74.85
78.20 67.95
78.95 64.30
79.74 59.18
79.23 82.30
80.19 66.04
80.28 68.58
80.27 64.31
81.38 74.36
80.36 68.27
82.63 82.76
82.67 73.69
81.91 71.37
82.24 76.56
82.16 77.24
83.25 53.53
83.84 66.08
83.42 78.57
83.32 72.01
85.01 56.38
85.81 58.69
85.07 70.13
86.07 81.72
86.25 53.86
85.07 81.04
86.35 81.64
86.92 72.53
87.85 60.18
87.81 69.89
87.77 68.44
88.72 75.89
88.69 64.61
88.88 66.79
89.64 67.91
89.44 67.53
90.07 73.56
90.48 53.35
90.69 78.05
90.53 70.47
90.84 49.68
92.91 53.47
91.98 62.40
92.97 62.55
93.38 60.22
92.71 76.10
93.52 51.51
93.08 60.71
94.93 57.84
93.11 75.13
95.36 53.19
94.83 61.03
94.73 77.53
95.89 47.26
95.89 51.51
96.91 48.56
97.24 55.03
96.72 69.56
97.23 55.30
98.42 51.58
97.18 57.47
98.76 63.60
99.12 67.92
99.69 59.88
98.61 46.50
