30.76 99.56
29.31 101.5
30.02 98.52
30.91 98.89
30.88 98.59
30.36 100.6
31.40 99.12
31.60 100.6
30.81 97.60
30.72 101.5
31.14 101.1
30.65 98.50
32.05 97.89
31.65 98.01
31.82 101.4
32.22 99.41
31.19 99.22
31.82 99.94
33.69 98.95
33.92 98.10
32.00 99.43
33.26 99.96
32.04 98.00
33.39 100.4
34.48 99.40
33.58 99.33
33.06 99.85
33.23 98.96
34.11 98.13
33.27 99.52
34.36 97.59
34.32 95.34
35.38 97.24
34.72 96.56
34.84 99.41
34.53 95.34
36.66 95.54
36.87 94.60
36.95 95.16
35.66 96.84
36.04 95.00
36.34 96.02
36.46 97.22
36.57 96.59
37.22 94.24
36.46 98.99
37.52 93.89
37.23 96.92
37.88 95.82
38.10 97.11
38.57 96.89
38.20 96.25
38.80 94.98
37.85 95.84
38.64 96.24
39.94 92.69
39.51 95.30
38.28 96.43
38.86 97.99
38.19 96.04
40.79 95.35
40.32 92.74
40.00 93.24
40.13 96.70
39.67 94.20
40.08 92.55
40.76 95.57
40.31 93.04
40.12 93.06
41.73 93.75
40.92 95.59
41.34 92.73
41.66 95.22
41.16 92.99
42.40 94.38
42.67 93.46
42.99 93.93
41.98 95.25
42.01 96.22
43.84 95.40
43.96 92.60
42.80 94.65
42.22 96.35
42.83 91.54
43.17 93.90
43.75 93.20
44.55 93.08
43.68 91.95
44.82 93.45
44.58 94.89
44.46 94.97
45.05 90.93
45.23 90.03
44.02 94.75
45.02 93.95
44.43 90.68
46.77 94.05
46.67 90.81
45.17 92.64
45.11 92.58
46.57 92.40
45.84 93.06
46.09 90.01
47.17 93.63
47.14 89.25
46.89 91.96
47.32 91.31
47.82 91.80
48.12 91.86
48.00 90.96
48.14 90.43
47.71 90.14
48.19 91.67
47.69 91.49
48.93 90.40
49.96 89.96
49.25 90.14
49.57 90.09
48.87 88.97
49.92 90.50
